22
28
35
49
58
63
65
82
94
97
103
117
119
121
129
141
156
157
159
163
169
178
197
201
203
204
218
237
240
246
248
252
254
255
269
286
287
288
290
292
296
309
317
327
339
343
351
364
409
410
412
416
425
438
443
453
454
458
459
466
468
481
505
517
536
557
566
581
583
597
606
613
618
661
663
678
699
702
740
742
743
746
750
752
761
772
775
778
781
787
792
795
801
807
812
833
847
849
855
880
882
883
889
893
899
904
909
920
926
936
942
952
959
960
962
977
988
992
996
1015
1031
1037
1040
1072
1082
1085
1090
1098
1112
1115
1123
1124
1129
1141
1147
1165
1184
1197
1198
1214
1232
1237
1244
1256
1264
1291
1314
1324
1335
1336
1338
1339
1340
1350
1352
1354
1360
1366
1370
1375
1386
1388
1399
1416
1424
1425
1426
1427
1440
1448
1457
1460
1468
1470
1472
1492
1509
1514
1534
1548
1555
1572
1590
1592
1604
1607
1617
1620
1626
1636
1638
1647
1654
1663
1667
1669
1676
1678
1682
1710
1723
1724
1726
1734
1737
1739
1771
1781
1786
1798
1803
1804
1805
1806
1811
1814
1817
1837
1843
1847
1860
1861
1863
1878
1901
1924
1926
1943
1948
1953
1969
1981
1983
2004
2007
2022
2029
2049
2076
2077
2081
2083
2084
2093
2108
2111
2114
2117
2118
2129
2131
2132
2164
2170
2172
2173
2175
2177
2178
2188
2195
2204
2210
2226
2230
2241
2244
2250
2260
2285
2286
2293
2302
2303
2304
2314
2316
2318
2332
2338
2340
2341
2343
2351
2371
2377
2394
2404
2406
2410
2411
2412
2414
2421
2433
2439
2453
2460
2464
2466
2473
2496
2499
2503
2504
2510
2511
2518
2520
2521
2527
2533
2562
2564
2566
2582
2584
2591
2599
2606
2608
2616
2639
2642
2643
2653
2656
2668
2677
2684
2695
2705
2719
2721
2722
2723
2730
2735
2750
2770
2775
2796
2809
2828
2835
2836
2837
2840
2848
2849
2851
2852
2855
2858
2875
2877
2880
2883
2889
2908
2914
2919
2920
2926
2932
2933
2935
2938
2944
2961
2978
2979
2981
2991
2992
