11
47
56
60
72
130
137
161
180
184
211
212
235
321
336
356
401
402
427
445
462
533
566
567
608
626
673
729
747
749
782
810
814
841
845
851
853
881
933
979
989
1025
1051
1058
1064
1096
1106
1110
1130
1163
1188
1229
1253
1268
1305
1344
1361
1362
1422
1429
1442
1445
1446
1475
1514
1522
1527
1588
1608
1633
1678
1696
1706
1751
1757
1790
1798
1802
1837
1838
1869
1877
1882
1927
1947
1958
1960
1998
2080
2100
2211
2264
2272
2285
2292
2324
2326
2333
2350
2382
2390
2393
2416
2441
2464
2468
2486
2494
2497
2550
2557
2609
2619
2667
2692
2696
2717
2762
2785
2822
2832
2850
2880
2915
2960
