6
9
15
20
21
31
33
38
48
56
67
74
77
79
81
92
93
96
102
103
113
116
123
136
165
167
169
173
179
182
187
191
195
196
198
206
210
220
221
228
233
234
235
246
249
253
275
277
280
295
302
303
306
307
310
315
318
319
328
329
336
337
341
345
347
348
350
367
368
369
373
384
385
387
388
399
400
405
415
417
421
426
434
440
441
446
449
452
460
464
466
471
473
485
488
492
499
501
509
514
521
531
538
549
553
554
574
580
582
598
612
616
618
619
645
657
659
662
664
665
666
667
673
674
688
692
694
700
701
708
712
716
723
729
731
748
759
762
767
783
785
788
790
794
796
797
814
815
818
820
866
867
868
877
883
894
902
905
911
916
927
931
932
941
956
958
966
968
970
974
982
984
990
995
1000
1002
1003
1008
1009
1010
1013
1021
1024
1038
1042
1050
1054
1068
1069
1074
1082
1083
1089
1095
1108
1113
1114
1116
1120
1122
1129
1132
1143
1149
1150
1155
1157
1160
1162
1164
1186
1191
1195
1199
1200
1201
1202
1208
1213
1225
1229
1230
1235
1242
1243
1250
1251
1256
1261
1264
1275
1279
1284
1302
1303
1309
1319
1329
1337
1347
1379
1391
1394
1414
1428
1430
1437
1443
1450
1456
1461
1462
1464
1466
1467
1469
1478
1488
1489
1493
1499
1502
1506
1507
1513
1516
1518
1527
1544
1549
1550
1559
1562
1574
1588
1594
1596
1600
1605
1608
1611
1616
1617
1627
1634
1644
1645
1657
1658
1660
1663
1681
1696
1708
1711
1715
1721
1725
1730
1734
1740
1743
1749
1751
1757
1766
1772
1775
1777
1782
1807
1810
1811
1816
1817
1822
1828
1830
1842
1866
1867
1869
1871
1873
1898
1903
1904
1908
1920
1924
1949
1951
1955
1958
1960
1963
1965
1989
1992
1995
1998
1999
2011
2015
2016
2026
2030
2035
2044
2053
2078
2080
2081
2090
2092
2107
2112
2130
2139
2140
2147
2150
2208
2228
2231
2234
2236
2246
2248
2256
2259
2260
2268
2283
2291
2296
2314
2315
2323
2324
2329
2331
2334
2337
2339
2348
2358
2379
2382
2388
2397
2406
2424
2430
2442
2447
2449
2452
2455
2466
2470
2473
2476
2480
2482
2490
2494
2498
2500
2506
2512
2517
2522
2533
2534
2535
2540
2563
2578
2581
2593
2595
2603
2604
2607
2610
2613
2620
2625
2645
2651
2665
2676
2679
2686
2687
2696
2700
2712
2713
2718
2720
2728
2734
2740
2749
2750
2760
2779
2793
2797
2799
2811
2816
2820
2821
2838
2842
2845
2846
2847
2862
2863
2865
2866
2878
2880
2895
2902
2910
2913
2926
2928
2931
2937
2942
2952
2955
2957
2960
2969
2982
2985
2988
2990
3000
