15
21
31
33
77
81
93
103
116
165
173
179
187
191
206
221
233
249
253
295
302
306
307
337
345
367
368
373
385
400
405
417
426
446
464
473
485
499
521
538
549
553
598
616
645
657
664
666
688
700
712
716
729
759
762
783
794
796
797
818
820
867
883
932
966
968
970
982
990
1000
1009
1010
1021
1042
1068
1074
1089
1095
1113
1143
1149
1155
1157
1160
1162
1195
1199
1229
1242
1250
1251
1279
1284
1319
1347
1394
1414
1437
1450
1464
1466
1467
1488
1493
1499
1502
1506
1507
1527
1544
1549
1550
1559
1588
1596
1608
1611
1617
1627
1634
1696
1711
1730
1734
1743
1766
1775
1782
1816
1817
1904
1908
1992
1999
2044
2080
2092
2130
2140
2231
2236
2259
2283
2323
2331
2337
2348
2449
2452
2455
2470
2500
2540
2581
2603
2604
2607
2610
2665
2679
2686
2760
2845
2862
2866
2913
2985
3000
