7
11
12
16
26
32
37
39
41
50
51
55
67
70
81
92
95
100
104
105
110
152
153
155
165
168
181
192
210
212
214
222
226
228
230
238
239
243
244
251
260
263
264
271
273
274
279
283
289
312
313
323
332
334
338
342
346
354
359
361
363
375
383
386
389
392
397
398
404
407
415
420
421
424
433
435
465
472
474
483
487
495
498
503
507
508
511
512
517
524
526
529
536
542
543
545
547
555
556
563
566
567
570
571
572
586
591
592
593
595
599
603
604
607
610
620
623
626
630
633
635
636
638
640
642
644
648
652
654
660
666
668
670
672
680
683
684
686
692
693
701
707
709
719
721
725
728
733
735
737
744
753
756
758
761
765
774
777
786
789
790
791
793
802
804
805
806
809
810
813
819
821
822
830
835
837
838
839
840
841
848
852
854
856
858
861
862
864
868
873
874
875
877
881
884
890
892
896
897
898
899
901
903
906
907
908
918
924
930
938
939
941
943
945
946
947
948
954
955
956
958
959
965
971
972
973
975
976
979
981
994
997
1003
1006
1010
1015
1016
1019
1020
1022
1023
1025
1026
1029
1036
1043
1058
1059
1063
1064
1068
1074
1080
1084
1092
1107
1133
1156
1158
1173
1180
1181
1183
1185
1189
1193
1195
1196
1197
1200
1205
1223
1226
1229
1230
1233
1236
1238
1250
1254
1255
1259
1265
1266
1270
1272
1274
1277
1280
1285
1288
1294
1299
1300
1310
1315
1323
1326
1327
1332
1336
1346
1348
1359
1360
1363
1367
1368
1369
1372
1376
1378
1382
1391
1392
1394
1401
1402
1403
1406
1407
1409
1418
1421
1423
1427
1430
1431
1435
1453
1455
1476
1479
1480
1485
1490
1494
1501
1504
1517
1518
1519
1520
1523
1524
1525
1528
1532
1533
1535
1538
1540
1553
1558
1563
1569
1570
1571
1573
1575
1576
1577
1579
1585
1587
1593
1599
1606
1609
1615
1616
1621
1624
1625
1627
1655
1659
1662
1663
1666
1668
1671
1675
1688
1691
1693
1702
1708
1710
1713
1725
1732
1743
1750
1752
1774
1776
1777
1785
1788
1789
1790
1791
1798
1804
1813
1818
1821
1829
1833
1836
1841
1844
1851
1852
1853
1855
1856
1858
1870
1875
1876
1879
1891
1895
1896
1897
1900
1902
1903
1905
1907
1908
1910
1917
1928
1931
1934
1935
1938
1949
1954
1955
1959
1970
1971
1982
1991
1993
2000
2001
2024
2025
2026
2030
2033
2036
2038
2042
2044
2049
2056
2058
2061
2064
2073
2074
2082
2083
2087
2090
2095
2099
2101
2104
2106
2115
2122
2128
2135
2140
2145
2146
2153
2155
2157
2162
2168
2179
2182
2191
2197
2200
2207
2215
2219
2220
2233
2237
2238
2242
2246
2248
2249
2251
2254
2266
2268
2273
2275
2285
2289
2290
2291
2298
2307
2319
2326
2331
2340
2344
2345
2346
2347
2350
2358
2361
2363
2364
2370
2372
2375
2384
2389
2391
2392
2394
2395
2397
2398
2401
2408
2409
2411
2415
2420
2427
2432
2434
2437
2446
2448
2451
2456
2467
2469
2471
2476
2477
2480
2483
2493
2501
2502
2505
2506
2507
2508
2513
2514
2515
2524
2536
2537
2543
2546
2553
2559
2560
2563
2568
2569
2575
2577
2579
2585
2587
2588
2598
2602
2606
2614
2619
2625
2627
2628
2632
2635
2636
2646
2652
2658
2663
2664
2665
2667
2669
2671
2672
2673
2674
2675
2678
2682
2689
2691
2693
2695
2696
2697
2704
2709
2711
2712
2715
2724
2725
2732
2733
2737
2739
2741
2743
2744
2747
2755
2762
2765
2781
2783
2784
2786
2787
2788
2789
2790
2791
2792
2793
2795
2802
2803
2805
2811
2813
2814
2822
2824
2827
2833
2841
2848
2857
2859
2864
2869
2871
2872
2873
2876
2882
2884
2885
2898
2903
2909
2916
2918
2924
2925
2926
2927
2928
2930
2931
2936
2940
2941
2943
2947
2948
2950
2951
2952
2955
2956
2958
2959
2965
2967
2970
2971
2976
2983
2989
2997
