7
12
26
32
37
39
41
50
51
55
67
81
100
104
105
110
152
153
155
168
181
210
212
222
230
238
239
243
244
251
260
263
271
273
279
283
313
332
334
342
346
354
363
375
383
386
389
392
397
398
404
407
415
420
421
424
433
435
472
474
487
495
498
508
511
512
524
542
543
545
547
555
556
567
586
591
592
593
607
610
620
623
626
630
633
635
636
638
640
642
644
660
666
668
670
680
701
707
725
737
744
756
761
765
774
786
789
793
802
804
806
809
810
813
819
822
835
837
839
840
848
852
854
856
861
862
864
873
874
875
877
881
890
892
896
897
901
906
908
924
930
938
939
943
945
947
959
965
971
972
973
975
976
979
994
1015
1016
1019
1020
1029
1036
1043
1058
1059
1064
1084
1107
1133
1156
1173
1180
1181
1183
1185
1189
1193
1200
1205
1233
1238
1250
1254
1255
1266
1270
1272
1277
1280
1285
1294
1299
1300
1315
1332
1348
1359
1360
1369
1372
1376
1378
1382
1391
1392
1401
1402
1406
1409
1435
1453
1455
1476
1485
1490
1494
1501
1504
1517
1518
1519
1520
1523
1524
1525
1528
1533
1535
1538
1540
1553
1563
1570
1571
1573
1575
1579
1585
1593
1609
1621
1624
1627
1655
1659
1662
1666
1688
1691
1693
1702
1710
1725
1732
1752
1774
1776
1785
1789
1798
1813
1818
1821
1829
1833
1836
1841
1852
1853
1855
1856
1870
1875
1876
1879
1891
1895
1896
1897
1900
1902
1903
1905
1907
1910
1917
1928
1931
1934
1954
1955
1959
1971
1991
1993
2001
2025
2033
2036
2038
2042
2044
2049
2056
2064
2074
2082
2083
2087
2090
2099
2101
2104
2115
2128
2135
2140
2145
2153
2155
2162
2168
2179
2182
2191
2200
2207
2215
2220
2233
2237
2238
2242
2246
2266
2273
2275
2289
2290
2291
2307
2319
2326
2340
2344
2345
2346
2347
2350
2361
2364
2370
2372
2375
2384
2389
2394
2397
2401
2411
2415
2434
2437
2446
2471
2476
2480
2483
2501
2506
2508
2513
2514
2524
2543
2553
2560
2563
2568
2569
2575
2577
2579
2585
2588
2619
2625
2635
2636
2652
2658
2663
2664
2667
2671
2672
2674
2682
2689
2693
2695
2696
2704
2709
2711
2715
2724
2725
2732
2739
2741
2747
2783
2784
2787
2791
2792
2802
2805
2814
2822
2824
2827
2841
2857
2859
2869
2873
2882
2884
2885
2898
2903
2909
2916
2918
2927
2930
2936
2940
2943
2948
2950
2965
2970
2971
2976
2989
2997
