22
23
28
39
43
44
45
54
63
65
68
73
76
80
85
87
95
112
114
118
119
123
125
147
154
158
164
166
170
189
198
202
204
206
208
233
247
252
261
276
278
288
302
308
311
326
339
360
372
378
379
385
395
403
413
415
416
429
493
500
501
502
535
575
577
581
583
618
625
632
643
646
653
656
658
671
676
691
695
727
732
738
751
760
781
821
826
832
834
850
865
871
886
888
921
925
949
950
957
962
969
983
987
992
1004
1011
1037
1039
1052
1057
1075
1077
1081
1091
1128
1134
1144
1154
1168
1171
1177
1179
1185
1197
1198
1208
1217
1218
1244
1252
1270
1273
1280
1286
1289
1307
1311
1324
1328
1363
1392
1411
1413
1419
1432
1458
1502
1513
1515
1537
1552
1564
1566
1591
1600
1603
1606
1620
1623
1624
1632
1653
1676
1682
1686
1697
1699
1703
1709
1728
1765
1783
1791
1795
1801
1803
1808
1810
1815
1819
1825
1832
1836
1839
1845
1853
1854
1864
1885
1892
1893
1901
1905
1914
1916
1918
1929
1950
1952
1991
1994
1997
2001
2007
2012
2014
2023
2027
2085
2090
2119
2123
2144
2152
2156
2159
2160
2164
2177
2185
2200
2216
2220
2227
2237
2246
2247
2291
2297
2299
2300
2317
2335
2353
2355
2357
2362
2369
2378
2381
2383
2390
2394
2396
2431
2449
2453
2459
2462
2464
2468
2471
2475
2476
2488
2516
2529
2530
2531
2543
2545
2561
2567
2585
2610
2647
2648
2650
2658
2676
2683
2715
2726
2734
2736
2747
2752
2756
2758
2776
2800
2807
2814
2843
2844
2851
2856
2880
2897
2901
2917
2924
2942
2963
2983
2986
2997
