28
43
44
45
68
73
76
80
85
87
95
112
114
119
125
147
154
158
166
170
189
198
202
204
208
247
252
261
276
278
288
308
311
326
339
360
372
378
379
385
395
403
413
416
429
493
500
502
535
575
577
583
625
646
653
656
658
671
676
691
695
732
738
751
760
821
832
834
850
865
886
888
921
925
949
950
957
962
969
983
987
992
1004
1039
1052
1075
1077
1081
1091
1128
1134
1144
1154
1168
1171
1177
1185
1208
1217
1218
1273
1286
1289
1307
1311
1324
1328
1363
1411
1419
1502
1513
1515
1552
1564
1566
1591
1600
1603
1623
1624
1632
1653
1676
1686
1697
1699
1703
1709
1765
1791
1795
1801
1803
1808
1810
1815
1832
1845
1854
1864
1885
1892
1893
1901
1905
1914
1916
1918
1950
1952
1994
1997
2001
2012
2014
2023
2027
2085
2119
2144
2152
2156
2160
2164
2216
2220
2227
2247
2297
2299
2317
2335
2353
2355
2362
2369
2378
2381
2383
2396
2431
2449
2453
2459
2462
2464
2476
2488
2516
2531
2543
2545
2585
2648
2650
2683
2715
2736
2752
2756
2776
2807
2814
2843
2844
2856
2897
2963
2986
2997
