5
7
11
12
17
50
55
59
75
83
89
91
105
111
127
134
138
139
140
142
143
144
150
151
163
181
183
185
186
188
190
192
199
200
215
217
224
227
230
231
238
239
248
250
256
259
262
263
264
268
273
279
283
290
291
294
297
301
308
309
313
314
324
325
330
349
352
354
361
363
365
380
381
382
386
389
393
396
397
398
408
418
423
424
430
436
437
438
439
442
444
450
451
455
456
462
463
469
472
474
475
476
480
483
484
491
494
496
503
505
507
508
509
512
515
517
518
525
526
530
532
536
541
543
545
546
548
555
558
559
563
565
568
572
573
576
579
586
590
596
601
603
610
611
615
620
628
629
630
631
633
635
640
641
642
644
648
649
650
651
652
654
661
669
670
672
680
681
682
684
686
697
699
707
711
717
718
720
721
724
726
727
728
734
735
736
737
741
743
746
753
761
768
769
770
772
778
779
780
789
791
800
803
805
806
811
813
817
819
822
823
824
827
828
829
837
840
846
854
856
857
859
860
862
863
869
870
872
873
878
885
887
888
892
895
901
904
906
908
912
913
914
924
929
934
935
936
938
939
941
943
946
947
951
959
964
965
973
976
985
988
991
993
998
1006
1014
1016
1017
1019
1020
1022
1030
1033
1034
1036
1045
1051
1061
1066
1067
1070
1078
1080
1087
1098
1099
1100
1102
1103
1107
1109
1111
1112
1115
1117
1121
1124
1126
1135
1136
1139
1148
1152
1156
1158
1161
1165
1170
1172
1173
1179
1184
1187
1189
1190
1192
1193
1194
1196
1205
1207
1209
1210
1216
1219
1221
1223
1224
1226
1228
1237
1245
1246
1248
1249
1254
1259
1262
1265
1266
1267
1272
1277
1278
1280
1281
1283
1285
1287
1288
1290
1291
1295
1296
1297
1300
1312
1313
1315
1317
1318
1325
1327
1332
1335
1336
1343
1345
1348
1351
1352
1353
1356
1359
1364
1366
1368
1369
1371
1376
1377
1382
1393
1406
1409
1410
1412
1413
1414
1415
1416
1420
1421
1435
1436
1438
1440
1444
1448
1451
1452
1453
1454
1458
1463
1467
1470
1476
1477
1481
1482
1485
1489
1490
1491
1494
1495
1500
1501
1503
1505
1509
1510
1521
1523
1524
1525
1528
1533
1535
1536
1542
1545
1547
1551
1554
1558
1560
1567
1568
1573
1581
1585
1586
1587
1590
1593
1612
1615
1622
1625
1626
1628
1629
1630
1631
1636
1638
1641
1648
1654
1655
1659
1664
1666
1669
1671
1675
1679
1680
1683
1684
1687
1689
1690
1693
1698
1702
1705
1706
1707
1713
1714
1717
1718
1719
1722
1728
1732
1733
1738
1750
1753
1754
1755
1760
1762
1764
1767
1773
1774
1779
1780
1784
1785
1787
1797
1809
1813
1824
1826
1827
1833
1839
1840
1843
1844
1853
1855
1856
1862
1863
1868
1870
1875
1876
1879
1881
1887
1888
1894
1895
1896
1899
1900
1910
1911
1913
1925
1926
1928
1931
1934
1937
1938
1939
1941
1942
1944
1946
1947
1950
1953
1961
1966
1967
1970
1971
1972
1973
1976
1977
1981
1982
1984
1987
1988
1993
2000
2003
2006
2017
2020
2025
2032
2033
2034
2038
2039
2042
2045
2046
2049
2054
2056
2059
2067
2068
2069
2072
2074
2075
2079
2084
2087
2088
2091
2096
2101
2103
2110
2118
2123
2124
2125
2126
2127
2128
2131
2135
2137
2138
2141
2143
2146
2149
2151
2154
2155
2168
2173
2175
2176
2179
2181
2183
2188
2189
2190
2191
2192
2194
2196
2197
2213
2215
2220
2229
2230
2237
2238
2239
2257
2263
2265
2266
2267
2269
2271
2275
2276
2277
2284
2286
2287
2289
2290
2295
2298
2309
2313
2320
2321
2322
2328
2330
2332
2334
2340
2341
2342
2344
2347
2349
2351
2354
2356
2359
2363
2364
2365
2366
2370
2371
2372
2373
2384
2386
2391
2395
2398
2400
2403
2405
2407
2408
2410
2411
2412
2414
2418
2419
2423
2434
2436
2437
2439
2440
2445
2446
2450
2457
2458
2461
2463
2465
2467
2472
2474
2478
2479
2481
2483
2484
2485
2488
2489
2492
2495
2496
2504
2505
2513
2514
2515
2518
2519
2520
2521
2524
2530
2536
2537
2538
2539
2541
2544
2546
2548
2549
2553
2554
2557
2559
2560
2572
2577
2579
2582
2584
2586
2589
2597
2602
2611
2612
2613
2618
2621
2622
2624
2626
2628
2629
2630
2634
2638
2639
2641
2646
2647
2649
2653
2660
2663
2664
2669
2670
2671
2672
2673
2675
2677
2682
2688
2689
2691
2701
2703
2711
2714
2722
2724
2726
2727
2729
2731
2735
2741
2743
2744
2745
2746
2747
2748
2751
2753
2754
2761
2763
2765
2766
2767
2768
2769
2772
2773
2780
2782
2783
2785
2786
2790
2791
2794
2795
2798
2800
2801
2804
2808
2812
2817
2818
2819
2831
2833
2841
2848
2851
2853
2857
2860
2867
2869
2872
2879
2884
2889
2892
2896
2900
2901
2903
2909
2911
2916
2917
2918
2920
2927
2929
2932
2936
2940
2941
2943
2944
2946
2948
2953
2956
2966
2970
2972
2973
2975
2977
2979
2986
2987
2996
2998
