4
5
11
13
24
39
49
50
75
83
91
96
99
124
126
130
134
136
141
142
144
165
172
183
197
200
213
215
216
219
223
229
237
257
258
260
264
270
273
284
294
298
301
316
321
322
330
338
342
353
359
361
365
374
387
396
399
422
423
432
436
450
451
457
461
465
466
468
480
483
489
504
508
513
522
523
529
530
542
543
548
551
560
571
580
585
588
591
602
603
604
637
642
672
689
693
698
719
735
744
747
753
793
810
816
823
827
829
841
843
844
862
864
875
884
888
895
898
901
908
914
929
935
948
953
956
958
964
975
979
988
1006
1017
1025
1028
1040
1041
1043
1045
1046
1049
1055
1067
1079
1083
1087
1094
1097
1105
1117
1119
1120
1121
1125
1132
1135
1141
1142
1148
1152
1153
1173
1181
1189
1190
1197
1201
1205
1215
1222
1224
1226
1233
1234
1235
1239
1245
1248
1258
1262
1267
1274
1278
1280
1281
1282
1297
1310
1312
1313
1318
1320
1322
1330
1362
1367
1371
1378
1383
1390
1393
1396
1397
1402
1403
1407
1415
1421
1427
1430
1433
1449
1463
1466
1474
1477
1482
1489
1497
1500
1501
1503
1508
1511
1532
1536
1540
1545
1550
1551
1568
1569
1571
1579
1582
1583
1589
1595
1602
1609
1610
1613
1614
1615
1622
1625
1641
1642
1648
1650
1663
1664
1665
1683
1687
1688
1695
1700
1701
1706
1711
1717
1718
1722
1723
1732
1736
1741
1747
1750
1753
1754
1755
1756
1759
1786
1788
1797
1819
1821
1822
1833
1838
1840
1858
1862
1866
1874
1888
1889
1891
1902
1905
1911
1913
1917
1925
1929
1931
1932
1933
1934
1936
1945
1949
1954
1955
1959
1973
1984
1996
2001
2004
2020
2032
2034
2057
2067
2073
2079
2083
2084
2086
2088
2095
2097
2098
2102
2116
2126
2128
2137
2143
2157
2175
2179
2180
2181
2187
2193
2196
2197
2199
2209
2211
2215
2221
2224
2241
2242
2246
2258
2266
2269
2276
2285
2292
2298
2308
2309
2313
2320
2324
2328
2330
2332
2339
2340
2341
2346
2354
2359
2360
2367
2380
2387
2397
2399
2410
2412
2421
2424
2427
2440
2445
2446
2450
2451
2455
2461
2467
2477
2478
2481
2484
2489
2495
2502
2506
2512
2519
2558
2559
2560
2575
2577
2578
2586
2588
2593
2594
2595
2598
2619
2620
2622
2624
2625
2646
2659
2663
2666
2691
2701
2704
2706
2714
2719
2734
2737
2743
2754
2774
2777
2780
2784
2785
2793
2801
2813
2841
2853
2854
2860
2862
2879
2884
2887
2888
2892
2911
2912
2922
2927
2929
2935
2936
2941
2944
2957
2972
2974
2976
2984
2994
2996
2998
