4
5
11
13
16
24
39
49
50
60
62
67
70
75
82
83
89
91
92
96
99
106
122
124
126
130
134
136
138
141
142
144
165
172
183
190
192
197
200
207
213
214
215
216
219
223
226
228
229
230
237
246
257
258
260
264
268
270
273
284
289
291
294
298
300
301
312
316
321
322
323
330
338
342
353
354
359
361
365
374
387
396
399
407
422
423
432
436
450
451
457
461
464
465
466
468
480
483
489
504
508
513
522
523
526
529
530
542
543
548
551
552
560
566
571
573
580
585
588
591
602
603
604
605
637
642
652
654
664
672
677
679
684
685
689
692
693
698
719
728
735
736
737
744
747
753
777
791
793
805
810
813
816
823
827
829
841
843
844
845
852
858
862
864
875
884
888
895
898
901
903
908
913
914
918
924
929
935
948
953
954
956
958
961
964
975
979
981
988
997
1006
1010
1017
1022
1023
1025
1026
1027
1028
1037
1040
1041
1043
1044
1045
1046
1049
1055
1058
1063
1067
1068
1074
1078
1079
1083
1087
1089
1092
1094
1097
1105
1106
1117
1119
1120
1121
1125
1132
1135
1141
1142
1145
1146
1148
1151
1152
1153
1172
1173
1181
1189
1190
1195
1197
1201
1205
1215
1220
1222
1224
1226
1230
1231
1233
1234
1235
1239
1245
1248
1258
1262
1267
1269
1274
1275
1278
1280
1281
1282
1295
1297
1298
1300
1310
1312
1313
1318
1320
1322
1323
1326
1327
1330
1331
1362
1365
1367
1371
1378
1381
1383
1390
1393
1396
1397
1402
1403
1407
1415
1421
1422
1427
1430
1431
1433
1434
1439
1449
1459
1461
1463
1466
1474
1477
1479
1480
1482
1489
1497
1498
1500
1501
1503
1508
1511
1518
1520
1525
1532
1536
1540
1542
1545
1550
1551
1568
1569
1571
1576
1577
1579
1582
1583
1589
1595
1599
1602
1606
1609
1610
1613
1614
1615
1622
1625
1626
1641
1642
1648
1649
1650
1663
1664
1665
1666
1668
1671
1675
1683
1685
1687
1688
1692
1695
1700
1701
1706
1711
1713
1717
1718
1722
1723
1732
1736
1741
1743
1747
1750
1753
1754
1755
1756
1759
1772
1784
1786
1788
1790
1796
1797
1811
1819
1821
1822
1833
1838
1840
1851
1852
1858
1862
1866
1874
1882
1888
1889
1891
1902
1905
1908
1911
1913
1917
1925
1929
1931
1932
1933
1934
1936
1942
1945
1949
1954
1955
1959
1973
1983
1984
1996
2001
2004
2020
2024
2026
2030
2031
2032
2034
2037
2052
2057
2061
2063
2067
2073
2079
2083
2084
2086
2088
2095
2097
2098
2102
2104
2116
2120
2126
2128
2137
2143
2146
2157
2175
2179
2180
2181
2186
2187
2192
2193
2196
2197
2199
2209
2211
2215
2218
2221
2222
2224
2239
2241
2242
2245
2246
2248
2249
2254
2258
2266
2268
2269
2272
2276
2285
2288
2292
2298
2307
2308
2309
2313
2320
2321
2324
2328
2330
2331
2332
2339
2340
2341
2346
2349
2351
2354
2358
2359
2360
2363
2366
2367
2368
2380
2387
2395
2397
2399
2408
2409
2410
2412
2415
2418
2421
2424
2427
2440
2445
2446
2450
2451
2455
2456
2461
2467
2477
2478
2481
2484
2489
2493
2495
2499
2502
2506
2507
2512
2519
2521
2525
2528
2537
2544
2553
2558
2559
2560
2575
2577
2578
2580
2586
2588
2592
2593
2594
2595
2598
2601
2606
2611
2619
2620
2622
2624
2625
2627
2628
2634
2644
2646
2659
2663
2665
2666
2673
2675
2676
2678
2691
2697
2701
2702
2704
2706
2712
2714
2719
2721
2734
2737
2743
2754
2771
2774
2777
2778
2780
2781
2784
2785
2786
2788
2789
2790
2793
2801
2803
2811
2813
2821
2827
2833
2835
2841
2848
2853
2854
2860
2862
2864
2879
2884
2887
2888
2892
2909
2911
2912
2917
2922
2925
2926
2927
2928
2929
2931
2935
2936
2941
2944
2947
2950
2951
2952
2955
2957
2967
2968
2972
2974
2975
2976
2977
2983
2984
2994
2996
2998
