7
16
18
24
26
36
75
83
84
88
89
92
101
106
122
126
127
132
138
144
152
175
178
192
201
214
216
225
232
239
241
244
256
265
268
299
300
329
359
362
377
391
406
419
427
436
448
450
455
462
465
477
480
507
510
523
529
549
562
576
584
586
587
606
621
632
634
637
642
647
684
686
698
706
707
710
713
726
728
730
733
734
738
744
745
749
755
769
771
776
777
784
789
791
800
806
823
854
856
868
871
873
878
879
891
918
924
935
944
947
953
978
980
988
989
997
999
1007
1012
1019
1041
1048
1049
1090
1107
1116
1130
1134
1188
1190
1210
1221
1224
1245
1248
1253
1254
1261
1267
1270
1301
1305
1306
1307
1312
1320
1322
1355
1362
1404
1407
1409
1415
1416
1420
1422
1424
1426
1445
1446
1451
1464
1484
1500
1503
1505
1510
1536
1545
1550
1573
1598
1599
1602
1615
1619
1622
1633
1643
1645
1655
1666
1683
1705
1706
1717
1727
1729
1731
1737
1739
1741
1742
1752
1755
1756
1768
1772
1773
1774
1779
1780
1784
1791
1796
1797
1823
1828
1830
1831
1844
1851
1862
1864
1872
1879
1889
1890
1910
1913
1917
1919
1945
1957
1958
1972
1973
1979
1981
1984
1986
1988
1990
2017
2033
2037
2057
2079
2100
2126
2155
2167
2171
2174
2179
2198
2203
2212
2225
2236
2237
2239
2251
2320
2330
2355
2369
2426
2429
2430
2434
2438
2441
2442
2467
2497
2507
2513
2514
2520
2528
2549
2552
2553
2559
2576
2580
2609
2612
2622
2626
2651
2663
2673
2674
2681
2707
2711
2714
2717
2730
2781
2785
2799
2806
2815
2829
2837
2842
2846
2849
2869
2875
2884
2892
2900
2925
2944
2945
2964
2969
2973
