4
5
7
11
12
16
24
25
26
32
37
39
41
49
50
51
55
67
75
81
83
89
91
99
100
104
105
110
124
126
134
136
140
141
142
144
152
153
155
165
168
172
181
183
185
190
197
200
210
212
213
215
216
222
223
228
229
230
231
238
239
243
244
257
258
260
263
264
270
271
273
279
283
284
294
301
312
313
316
321
322
323
330
332
334
338
342
346
353
354
356
359
361
363
365
374
375
383
386
387
389
396
397
398
399
404
407
415
421
422
423
424
432
433
435
436
450
451
457
461
465
468
472
474
476
480
483
487
489
495
498
504
507
508
511
512
513
517
522
523
524
526
529
530
542
543
545
547
548
551
555
556
560
566
567
571
572
580
585
586
588
591
592
593
595
599
602
603
604
607
610
619
620
623
626
630
633
635
636
637
638
640
642
644
648
654
660
666
668
670
672
677
679
680
681
684
685
689
693
698
701
707
719
721
725
728
735
737
744
747
753
756
758
761
765
767
774
777
780
786
789
793
802
804
805
806
809
810
813
816
819
822
823
827
835
837
839
840
841
843
844
848
852
854
856
861
862
864
868
873
874
875
877
881
884
888
890
892
895
896
897
898
899
901
903
906
907
908
914
918
924
929
930
935
938
939
943
945
947
948
951
953
954
956
958
959
964
971
972
973
975
976
979
988
994
1003
1006
1010
1015
1016
1017
1019
1020
1025
1028
1029
1036
1040
1041
1043
1045
1046
1049
1055
1058
1059
1064
1067
1068
1079
1083
1084
1087
1094
1097
1105
1107
1117
1119
1120
1121
1125
1132
1133
1135
1141
1142
1145
1148
1152
1153
1156
1173
1180
1181
1183
1185
1189
1190
1193
1195
1197
1200
1201
1205
1215
1222
1224
1226
1231
1233
1234
1235
1238
1239
1245
1248
1250
1254
1255
1258
1262
1266
1267
1269
1270
1272
1274
1275
1277
1278
1280
1281
1282
1285
1294
1295
1297
1298
1299
1300
1310
1312
1313
1315
1318
1320
1322
1323
1326
1330
1332
1345
1348
1359
1360
1362
1367
1369
1371
1372
1376
1378
1381
1382
1383
1390
1391
1392
1393
1394
1397
1401
1402
1403
1406
1407
1409
1415
1418
1421
1422
1427
1430
1431
1433
1435
1449
1453
1455
1463
1466
1474
1476
1477
1480
1482
1485
1489
1490
1494
1497
1500
1501
1503
1504
1508
1511
1517
1518
1519
1520
1523
1524
1525
1528
1532
1533
1535
1536
1538
1540
1545
1550
1551
1553
1563
1569
1570
1571
1573
1575
1577
1579
1582
1583
1585
1589
1593
1595
1602
1609
1610
1613
1614
1615
1616
1621
1622
1627
1641
1642
1648
1650
1655
1659
1662
1663
1664
1665
1666
1668
1683
1687
1688
1691
1693
1695
1700
1701
1702
1706
1710
1711
1713
1717
1718
1719
1722
1723
1725
1732
1736
1741
1747
1750
1752
1753
1754
1755
1759
1772
1774
1776
1777
1784
1785
1786
1788
1789
1790
1796
1797
1798
1813
1818
1819
1821
1822
1829
1833
1836
1838
1840
1841
1852
1853
1855
1856
1858
1862
1866
1870
1874
1875
1876
1879
1888
1889
1891
1895
1896
1897
1900
1902
1903
1905
1907
1910
1911
1913
1917
1925
1928
1929
1931
1932
1933
1934
1945
1949
1954
1955
1959
1971
1973
1984
1991
1993
1996
2001
2004
2020
2024
2025
2026
2030
2032
2033
2034
2036
2038
2042
2044
2056
2057
2063
2067
2073
2074
2075
2079
2082
2083
2084
2086
2087
2088
2090
2095
2097
2098
2099
2101
2102
2104
2115
2116
2120
2126
2128
2135
2137
2140
2143
2145
2153
2155
2157
2162
2168
2175
2179
2180
2181
2182
2187
2191
2193
2196
2197
2199
2200
2207
2209
2211
2215
2220
2221
2224
2233
2237
2238
2241
2242
2246
2258
2269
2272
2273
2276
2285
2289
2290
2291
2292
2298
2307
2308
2309
2313
2319
2320
2324
2328
2330
2331
2332
2339
2340
2341
2344
2345
2346
2347
2350
2354
2358
2359
2360
2361
2364
2367
2368
2370
2372
2375
2380
2384
2387
2389
2394
2397
2399
2401
2408
2410
2411
2412
2415
2421
2424
2427
2434
2437
2438
2440
2445
2446
2450
2451
2455
2461
2467
2471
2476
2477
2478
2480
2481
2483
2484
2489
2495
2501
2502
2506
2508
2512
2513
2514
2519
2523
2524
2537
2543
2546
2553
2558
2559
2560
2563
2568
2569
2575
2577
2578
2579
2585
2586
2588
2593
2594
2595
2598
2619
2620
2622
2624
2625
2627
2634
2635
2636
2646
2652
2658
2659
2663
2664
2666
2667
2671
2672
2673
2674
2675
2678
2682
2689
2693
2696
2701
2704
2706
2709
2711
2712
2714
2715
2719
2724
2725
2732
2734
2737
2739
2741
2743
2747
2774
2777
2780
2781
2783
2785
2787
2791
2792
2793
2801
2802
2803
2805
2811
2813
2814
2822
2824
2827
2841
2853
2854
2857
2859
2860
2862
2869
2873
2879
2882
2884
2885
2888
2892
2898
2903
2909
2911
2912
2916
2918
2922
2927
2928
2929
2930
2935
2936
2940
2941
2943
2944
2948
2950
2951
2952
2957
2965
2967
2970
2971
2972
2974
2976
2984
2987
2989
2994
2996
2997
2998
