4
5
7
11
12
13
16
24
25
26
32
37
39
41
46
49
50
51
55
60
62
67
70
71
75
81
82
83
89
91
92
95
96
99
100
104
105
106
110
111
122
124
126
130
134
136
138
139
140
141
142
144
152
153
155
165
168
172
181
183
185
190
192
197
200
207
210
212
213
214
215
216
219
222
223
226
228
229
230
231
237
238
239
243
244
246
251
257
258
260
263
264
268
270
271
273
274
279
283
284
289
291
294
298
300
301
305
312
313
314
316
321
322
323
330
332
334
338
342
346
353
354
355
356
359
361
363
365
374
375
382
383
386
387
389
392
396
397
398
399
404
407
413
415
420
421
422
423
424
432
433
435
436
441
450
451
455
457
461
464
465
466
468
472
474
476
480
483
487
489
492
494
495
497
498
503
504
507
508
511
512
513
517
522
523
524
526
527
529
530
536
542
543
545
547
548
550
551
552
555
556
560
563
566
567
570
571
572
573
580
585
586
588
591
592
593
595
599
602
603
604
605
607
610
615
619
620
623
624
626
629
630
633
634
635
636
637
638
640
642
644
648
652
654
660
664
666
668
669
670
672
677
679
680
681
682
683
684
685
686
689
692
693
698
701
707
709
719
721
725
726
728
733
735
736
737
742
744
747
753
754
756
758
761
765
766
767
774
777
780
786
789
790
791
793
800
802
804
805
806
809
810
813
816
819
821
822
823
827
829
830
835
837
838
839
840
841
843
844
845
848
852
854
856
858
861
862
864
868
873
874
875
877
881
884
888
890
892
895
896
897
898
899
901
903
906
907
908
913
914
918
924
929
930
935
938
939
941
943
945
946
947
948
951
953
954
955
956
958
959
961
964
965
971
972
973
975
976
979
981
988
994
997
1003
1006
1010
1015
1016
1017
1019
1020
1022
1023
1025
1026
1027
1028
1029
1036
1037
1040
1041
1043
1044
1045
1046
1049
1055
1058
1059
1063
1064
1067
1068
1074
1078
1079
1080
1083
1084
1087
1089
1092
1094
1097
1105
1106
1107
1109
1117
1119
1120
1121
1125
1132
1133
1135
1141
1142
1145
1146
1148
1151
1152
1153
1156
1158
1172
1173
1180
1181
1183
1185
1189
1190
1193
1195
1196
1197
1200
1201
1205
1212
1215
1220
1222
1223
1224
1226
1228
1229
1230
1231
1233
1234
1235
1236
1238
1239
1245
1246
1248
1250
1254
1255
1258
1259
1262
1265
1266
1267
1269
1270
1272
1274
1275
1277
1278
1280
1281
1282
1285
1288
1294
1295
1297
1298
1299
1300
1310
1312
1313
1315
1318
1320
1322
1323
1326
1327
1330
1331
1332
1336
1345
1346
1348
1359
1360
1362
1363
1365
1367
1368
1369
1371
1372
1373
1376
1378
1381
1382
1383
1390
1391
1392
1393
1394
1396
1397
1401
1402
1403
1406
1407
1409
1415
1418
1421
1422
1423
1427
1430
1431
1433
1434
1435
1436
1439
1449
1453
1455
1459
1461
1463
1466
1471
1474
1476
1477
1479
1480
1482
1485
1489
1490
1494
1497
1498
1500
1501
1503
1504
1508
1511
1517
1518
1519
1520
1523
1524
1525
1528
1532
1533
1535
1536
1538
1540
1542
1545
1550
1551
1553
1558
1563
1568
1569
1570
1571
1573
1575
1576
1577
1579
1582
1583
1585
1587
1589
1593
1595
1599
1602
1606
1609
1610
1613
1614
1615
1616
1621
1622
1624
1625
1626
1627
1641
1642
1648
1649
1650
1651
1655
1659
1662
1663
1664
1665
1666
1668
1671
1675
1681
1683
1685
1687
1688
1691
1692
1693
1695
1700
1701
1702
1706
1708
1710
1711
1713
1717
1718
1719
1722
1723
1725
1732
1733
1736
1741
1743
1747
1750
1752
1753
1754
1755
1756
1759
1760
1772
1774
1776
1777
1778
1784
1785
1786
1788
1789
1790
1791
1796
1797
1798
1804
1809
1811
1813
1818
1819
1821
1822
1823
1827
1829
1833
1836
1838
1840
1841
1844
1845
1851
1852
1853
1855
1856
1858
1862
1866
1870
1874
1875
1876
1879
1882
1888
1889
1891
1895
1896
1897
1900
1902
1903
1905
1907
1908
1910
1911
1912
1913
1917
1925
1928
1929
1931
1932
1933
1934
1935
1936
1938
1942
1945
1949
1954
1955
1959
1970
1971
1973
1982
1983
1984
1991
1993
1996
2000
2001
2004
2020
2022
2024
2025
2026
2030
2031
2032
2033
2034
2036
2037
2038
2042
2044
2049
2052
2056
2057
2058
2061
2063
2064
2067
2073
2074
2075
2079
2082
2083
2084
2086
2087
2088
2090
2095
2097
2098
2099
2101
2102
2104
2106
2110
2115
2116
2120
2122
2126
2128
2135
2137
2140
2143
2145
2146
2153
2155
2157
2162
2168
2175
2176
2179
2180
2181
2182
2183
2186
2187
2191
2192
2193
2196
2197
2199
2200
2206
2207
2209
2211
2213
2215
2218
2219
2220
2221
2222
2224
2233
2237
2238
2239
2241
2242
2245
2246
2247
2248
2249
2251
2254
2258
2266
2268
2269
2272
2273
2275
2276
2285
2288
2289
2290
2291
2292
2298
2307
2308
2309
2311
2313
2319
2320
2321
2322
2324
2326
2328
2330
2331
2332
2339
2340
2341
2344
2345
2346
2347
2349
2350
2351
2354
2358
2359
2360
2361
2363
2364
2366
2367
2368
2370
2372
2375
2380
2384
2387
2389
2391
2392
2394
2395
2397
2398
2399
2401
2408
2409
2410
2411
2412
2414
2415
2418
2420
2421
2424
2427
2432
2433
2434
2437
2438
2440
2445
2446
2448
2450
2451
2455
2456
2458
2461
2467
2469
2471
2476
2477
2478
2480
2481
2483
2484
2489
2493
2495
2499
2501
2502
2505
2506
2507
2508
2512
2513
2514
2515
2519
2521
2523
2524
2525
2528
2536
2537
2543
2544
2546
2549
2553
2558
2559
2560
2563
2568
2569
2575
2577
2578
2579
2580
2585
2586
2587
2588
2590
2591
2592
2593
2594
2595
2598
2601
2602
2606
2611
2614
2619
2620
2622
2624
2625
2627
2628
2630
2632
2634
2635
2636
2644
2646
2652
2658
2659
2663
2664
2665
2666
2667
2669
2671
2672
2673
2674
2675
2676
2678
2682
2689
2691
2693
2695
2696
2697
2701
2702
2704
2706
2709
2711
2712
2714
2715
2719
2721
2724
2725
2732
2733
2734
2737
2739
2741
2743
2744
2747
2754
2755
2762
2765
2771
2774
2777
2778
2780
2781
2783
2784
2785
2786
2787
2788
2789
2790
2791
2792
2793
2795
2801
2802
2803
2805
2811
2813
2814
2821
2822
2824
2827
2833
2835
2841
2848
2853
2854
2857
2859
2860
2862
2864
2869
2871
2872
2873
2876
2878
2879
2882
2884
2885
2887
2888
2890
2892
2898
2903
2906
2909
2911
2912
2916
2917
2918
2920
2922
2924
2925
2926
2927
2928
2929
2930
2931
2935
2936
2940
2941
2943
2944
2947
2948
2950
2951
2952
2955
2956
2957
2958
2959
2965
2967
2968
2970
2971
2972
2973
2974
2975
2976
2977
2983
2984
2987
2989
2994
2996
2997
2998
