2
8
14
15
17
22
23
28
30
31
33
37
39
43
44
45
54
56
57
58
63
65
68
73
76
77
79
80
85
87
94
95
96
100
102
103
106
107
112
113
114
115
118
119
120
123
124
125
135
136
141
146
147
154
155
157
158
159
164
166
170
174
178
180
189
197
198
202
204
206
208
210
212
213
218
220
223
226
229
233
234
240
247
252
253
254
255
258
261
276
277
278
281
285
287
288
292
296
298
302
303
306
307
308
311
315
317
321
326
328
334
336
337
338
339
340
342
347
350
353
356
360
362
367
372
375
376
378
379
385
387
391
395
403
407
409
412
413
415
416
426
428
429
434
438
446
448
452
458
459
466
468
475
478
482
486
490
493
500
501
502
506
509
519
520
521
531
534
535
537
538
542
551
552
553
554
569
570
574
575
577
580
581
583
588
591
593
594
597
598
600
602
608
609
612
614
618
619
624
625
627
630
632
636
637
643
645
646
653
655
656
658
663
666
668
671
673
674
676
683
687
691
692
693
694
695
696
700
703
708
710
712
719
723
725
727
729
730
732
733
738
739
748
751
759
760
762
763
765
766
773
775
776
781
786
787
788
795
796
804
807
808
814
815
816
818
821
826
832
834
838
839
841
842
844
849
850
853
861
865
866
868
871
874
875
876
880
881
883
886
888
893
896
899
900
902
918
919
921
922
925
926
932
936
949
950
952
957
958
960
962
963
966
967
968
969
970
971
975
977
978
982
983
987
988
990
992
995
996
998
999
1001
1004
1010
1011
1013
1021
1023
1025
1028
1029
1037
1038
1039
1040
1042
1043
1044
1045
1046
1052
1056
1057
1059
1060
1064
1069
1072
1075
1077
1081
1083
1085
1086
1091
1094
1095
1101
1104
1105
1106
1108
1110
1118
1122
1128
1132
1134
1138
1141
1143
1144
1149
1150
1152
1153
1154
1155
1157
1164
1166
1167
1168
1169
1171
1175
1177
1179
1182
1185
1191
1195
1197
1198
1199
1208
1212
1214
1217
1218
1222
1225
1239
1243
1244
1250
1251
1252
1253
1255
1257
1260
1268
1270
1273
1274
1279
1280
1286
1289
1299
1301
1302
1303
1304
1307
1310
1311
1314
1324
1328
1333
1341
1344
1346
1347
1350
1354
1355
1363
1365
1367
1369
1375
1378
1384
1385
1386
1389
1391
1392
1394
1397
1399
1403
1408
1411
1413
1414
1419
1432
1441
1445
1450
1456
1458
1460
1461
1463
1464
1466
1473
1474
1475
1478
1479
1483
1486
1487
1493
1496
1497
1498
1502
1512
1513
1515
1517
1526
1529
1531
1537
1538
1539
1541
1543
1546
1549
1550
1552
1562
1564
1566
1570
1571
1572
1574
1577
1580
1583
1584
1588
1591
1595
1596
1600
1601
1603
1604
1605
1606
1608
1609
1610
1612
1614
1616
1620
1623
1624
1632
1639
1640
1642
1644
1646
1650
1653
1657
1661
1668
1670
1673
1676
1678
1681
1682
1686
1692
1696
1697
1699
1703
1709
1715
1716
1720
1721
1723
1724
1725
1727
1728
1734
1744
1745
1746
1747
1748
1752
1757
1761
1763
1764
1765
1768
1782
1783
1789
1791
1794
1795
1796
1799
1800
1801
1803
1806
1808
1810
1815
1817
1819
1825
1827
1832
1834
1835
1836
1837
1839
1841
1845
1849
1851
1853
1854
1859
1863
1864
1865
1877
1883
1884
1885
1892
1893
1897
1898
1901
1904
1905
1906
1908
1909
1912
1914
1915
1916
1918
1920
1922
1923
1927
1929
1935
1936
1949
1950
1951
1952
1955
1957
1964
1974
1978
1985
1989
1991
1992
1994
1995
1996
1997
1998
2001
2005
2007
2008
2012
2014
2015
2016
2019
2021
2022
2023
2027
2029
2030
2035
2045
2052
2053
2055
2077
2081
2082
2083
2085
2086
2090
2092
2093
2101
2102
2103
2104
2106
2107
2108
2109
2112
2113
2114
2117
2119
2123
2124
2130
2132
2133
2136
2138
2139
2140
2144
2150
2152
2153
2156
2159
2160
2161
2164
2166
2167
2170
2172
2177
2185
2186
2187
2195
2200
2204
2208
2210
2211
2216
2218
2220
2223
2224
2225
2227
2228
2234
2237
2240
2241
2243
2244
2246
2247
2249
2254
2256
2258
2259
2261
2274
2278
2279
2281
2283
2291
2297
2299
2300
2301
2305
2306
2307
2312
2317
2324
2326
2327
2329
2333
2335
2337
2343
2345
2346
2348
2350
2352
2353
2355
2357
2360
2361
2362
2368
2369
2374
2375
2378
2379
2381
2382
2383
2385
2387
2388
2390
2394
2396
2397
2401
2406
2410
2416
2421
2424
2431
2438
2441
2442
2444
2447
2449
2452
2453
2454
2455
2457
2458
2459
2460
2462
2464
2468
2470
2471
2473
2475
2476
2477
2482
2486
2488
2491
2493
2500
2501
2506
2507
2508
2510
2512
2516
2525
2527
2528
2529
2530
2531
2534
2535
2543
2545
2558
2561
2562
2563
2567
2570
2571
2575
2581
2585
2593
2594
2595
2600
2601
2604
2607
2609
2610
2613
2615
2616
2617
2619
2620
2624
2635
2636
2642
2645
2647
2648
2649
2650
2652
2655
2656
2658
2661
2662
2665
2666
2668
2676
2680
2683
2686
2687
2692
2695
2696
2702
2706
2715
2716
2718
2720
2723
2724
2726
2728
2730
2734
2736
2740
2747
2752
2756
2758
2759
2762
2764
2769
2770
2772
2774
2775
2776
2777
2784
2787
2791
2796
2800
2805
2806
2807
2808
2809
2814
2822
2824
2826
2827
2829
2832
2835
2836
2840
2842
2843
2844
2845
2851
2852
2856
2858
2861
2864
2870
2871
2874
2875
2880
2883
2891
2895
2896
2897
2901
2902
2908
2909
2910
2913
2914
2917
2922
2924
2928
2931
2933
2934
2935
2937
2938
2939
2942
2945
2950
2952
2960
2963
2965
2976
2980
2981
2982
2983
2985
2986
2991
2992
2993
2997
