12
26
39
41
51
55
75
99
104
105
110
126
134
142
153
155
168
181
183
185
197
200
210
212
215
216
222
229
244
257
263
271
273
283
301
313
322
330
332
334
346
353
354
363
365
374
375
383
386
397
398
404
407
424
432
433
435
450
451
457
461
466
472
474
480
495
507
512
513
522
545
547
548
551
555
556
567
586
593
595
604
620
623
626
633
635
636
640
644
660
666
668
670
672
681
686
693
698
701
707
721
725
735
756
758
761
765
774
780
786
789
809
810
819
822
827
829
835
837
840
844
854
856
868
874
888
895
901
906
907
908
914
929
935
938
939
943
947
964
965
971
972
976
981
994
1016
1017
1019
1020
1028
1029
1041
1045
1046
1049
1055
1059
1064
1067
1079
1080
1083
1084
1087
1107
1117
1121
1125
1132
1133
1135
1141
1142
1146
1148
1156
1180
1181
1183
1185
1189
1190
1193
1200
1201
1224
1226
1233
1235
1238
1245
1248
1250
1254
1255
1258
1262
1266
1270
1272
1277
1278
1280
1281
1285
1294
1297
1299
1300
1312
1315
1318
1330
1332
1359
1360
1362
1369
1371
1376
1382
1391
1392
1393
1397
1401
1406
1409
1421
1433
1434
1453
1455
1463
1474
1476
1477
1482
1485
1494
1497
1501
1504
1511
1517
1519
1524
1525
1528
1532
1533
1535
1536
1545
1553
1563
1571
1573
1575
1582
1583
1585
1602
1609
1610
1613
1621
1622
1641
1642
1648
1659
1662
1664
1665
1693
1701
1706
1710
1718
1722
1725
1736
1754
1759
1774
1776
1777
1785
1786
1789
1813
1818
1819
1833
1838
1840
1853
1855
1856
1858
1862
1866
1870
1875
1876
1879
1882
1888
1895
1896
1897
1900
1910
1911
1925
1928
1933
1934
1945
1971
1973
1984
1991
2004
2024
2025
2032
2033
2038
2042
2057
2074
2084
2087
2090
2097
2098
2099
2101
2102
2115
2116
2126
2135
2137
2143
2145
2153
2162
2179
2180
2191
2197
2200
2207
2209
2233
2237
2246
2258
2266
2269
2273
2276
2289
2290
2292
2307
2309
2313
2319
2320
2328
2339
2341
2344
2345
2346
2347
2350
2354
2359
2367
2368
2372
2375
2380
2384
2389
2397
2401
2412
2415
2427
2434
2437
2440
2445
2448
2450
2461
2471
2476
2477
2478
2480
2483
2484
2489
2495
2501
2506
2508
2513
2514
2519
2524
2543
2546
2558
2563
2568
2569
2579
2624
2625
2635
2636
2652
2664
2667
2671
2682
2689
2691
2696
2706
2709
2711
2714
2715
2724
2725
2734
2741
2743
2747
2774
2783
2785
2791
2792
2814
2824
2827
2841
2857
2859
2860
2862
2869
2873
2882
2884
2885
2892
2898
2903
2911
2912
2916
2927
2929
2940
2948
2957
2965
2971
2972
2974
2984
2987
2989
