4
67
81
92
109
123
136
148
165
167
182
191
196
222
265
280
282
289
310
312
315
316
323
328
384
388
405
422
449
464
499
504
516
521
606
662
664
685
692
696
701
731
757
783
799
864
897
915
916
917
954
956
1002
1003
1009
1021
1023
1065
1079
1082
1088
1202
1213
1215
1229
1230
1233
1303
1326
1367
1370
1372
1385
1388
1390
1391
1404
1424
1430
1437
1499
1544
1546
1562
1618
1627
1663
1712
1743
1766
1772
1873
1874
1903
1908
1963
1972
2021
2037
2099
2182
2185
2360
2389
2447
2470
2480
2500
2502
2517
2533
2563
2564
2578
2631
2713
2719
2750
2793
2799
2816
2838
2878
2894
2910
2919
2931
2958
2994
