4
6
9
15
16
20
21
31
33
36
38
48
50
51
56
67
74
77
78
79
81
92
93
96
101
102
103
109
113
116
117
118
123
125
130
131
135
136
146
148
160
165
167
169
173
174
175
178
179
182
187
191
195
196
197
198
206
210
219
220
221
228
233
234
235
236
237
241
242
246
249
253
265
269
270
275
277
280
281
282
289
295
298
302
303
306
307
310
315
317
318
319
328
329
336
337
338
341
345
347
348
350
351
362
367
368
369
373
384
385
387
388
391
399
400
401
405
415
417
421
426
431
433
434
440
441
445
446
447
449
452
453
457
460
464
466
471
473
485
487
488
492
499
501
504
506
509
514
516
520
521
531
538
542
544
549
551
553
554
564
569
571
574
576
580
582
584
587
590
592
598
600
608
612
616
617
618
619
621
622
627
645
655
657
659
662
664
665
666
667
672
673
674
679
685
688
691
692
694
696
700
701
706
708
710
711
712
713
716
723
729
730
731
745
748
750
757
759
762
763
765
767
776
782
783
785
786
788
790
792
794
796
797
804
808
812
814
815
818
820
834
838
839
853
864
866
867
868
876
877
883
894
897
900
902
903
905
911
915
916
927
931
932
941
944
950
954
956
958
963
966
968
969
970
971
974
979
980
981
982
984
986
990
995
999
1000
1001
1002
1003
1008
1009
1010
1012
1013
1021
1023
1024
1035
1038
1040
1042
1046
1048
1050
1054
1057
1058
1060
1065
1066
1068
1069
1074
1079
1082
1083
1088
1089
1095
1096
1101
1108
1110
1113
1114
1116
1118
1120
1122
1129
1132
1138
1141
1142
1143
1149
1150
1155
1157
1160
1162
1164
1166
1169
1176
1186
1188
1191
1195
1199
1200
1201
1202
1208
1213
1222
1225
1229
1230
1233
1235
1242
1243
1250
1251
1253
1256
1261
1264
1268
1269
1274
1275
1279
1284
1292
1301
1302
1303
1304
1305
1306
1308
1309
1319
1323
1326
1329
1333
1337
1341
1342
1347
1349
1352
1354
1355
1372
1379
1385
1387
1388
1391
1394
1402
1403
1404
1408
1414
1417
1422
1424
1428
1430
1437
1443
1445
1450
1456
1459
1461
1462
1464
1466
1467
1469
1474
1475
1478
1479
1483
1484
1486
1487
1488
1489
1493
1496
1499
1502
1506
1507
1512
1513
1516
1518
1520
1527
1538
1544
1546
1549
1550
1559
1561
1562
1574
1576
1588
1589
1594
1596
1597
1598
1600
1605
1608
1610
1611
1614
1616
1617
1619
1627
1633
1634
1639
1643
1644
1645
1657
1658
1660
1663
1665
1668
1670
1681
1696
1699
1708
1711
1712
1715
1720
1721
1725
1727
1730
1734
1739
1740
1743
1745
1748
1749
1751
1757
1766
1769
1772
1775
1777
1778
1782
1796
1798
1799
1800
1801
1807
1810
1811
1816
1817
1820
1821
1822
1828
1830
1835
1838
1842
1846
1848
1851
1852
1854
1858
1866
1867
1869
1871
1873
1874
1877
1885
1890
1898
1902
1903
1904
1906
1908
1919
1920
1924
1936
1940
1949
1951
1955
1957
1958
1960
1963
1964
1965
1974
1978
1979
1980
1985
1989
1991
1992
1995
1996
1998
1999
2001
2007
2011
2015
2016
2019
2021
2026
2030
2035
2036
2044
2048
2052
2053
2066
2073
2078
2080
2081
2085
2089
2090
2092
2098
2099
2100
2107
2112
2113
2120
2130
2134
2136
2139
2140
2147
2150
2157
2159
2167
2171
2174
2184
2187
2198
2207
2208
2211
2216
2217
2218
2223
2224
2228
2231
2234
2236
2240
2243
2246
2247
2248
2249
2250
2256
2258
2259
2260
2262
2268
2270
2281
2283
2291
2296
2306
2310
2312
2314
2315
2323
2324
2327
2329
2331
2333
2334
2336
2337
2339
2343
2345
2348
2349
2350
2352
2353
2357
2358
2360
2374
2375
2377
2378
2379
2382
2387
2388
2389
2396
2397
2401
2406
2416
2420
2424
2426
2430
2435
2442
2447
2449
2451
2452
2455
2466
2468
2470
2473
2476
2477
2480
2482
2490
2493
2494
2498
2500
2506
2507
2509
2512
2517
2522
2528
2532
2533
2534
2535
2540
2543
2547
2549
2550
2551
2556
2563
2564
2567
2575
2576
2578
2580
2581
2588
2593
2594
2595
2603
2604
2607
2609
2610
2613
2615
2620
2624
2625
2631
2633
2637
2643
2645
2651
2652
2654
2662
2665
2676
2678
2679
2685
2686
2687
2696
2697
2700
2708
2712
2713
2716
2718
2719
2720
2728
2733
2734
2739
2740
2742
2746
2749
2750
2757
2758
2759
2760
2764
2769
2770
2772
2779
2780
2784
2789
2793
2797
2799
2802
2805
2806
2811
2815
2816
2820
2821
2823
2824
2826
2829
2832
2838
2842
2845
2846
2847
2850
2858
2861
2862
2863
2864
2865
2866
2878
2880
2882
2887
2891
2894
2895
2899
2902
2903
2909
2910
2913
2922
2924
2926
2928
2931
2933
2934
2937
2939
2942
2945
2947
2952
2955
2957
2960
2964
2967
2969
2980
2982
2985
2988
2990
2993
2994
2999
3000
