6
7
9
11
16
18
19
21
27
31
36
40
41
47
48
53
61
66
69
70
74
77
78
84
93
95
101
106
107
109
111
113
118
123
124
128
130
132
137
141
148
150
151
152
160
162
172
175
179
180
182
187
191
192
193
194
199
201
206
207
218
219
220
226
232
236
237
241
242
243
247
249
250
251
259
260
264
265
269
270
274
275
278
280
282
284
289
293
295
298
300
303
304
305
318
319
322
323
329
331
335
338
341
343
345
348
350
351
356
358
364
367
373
374
376
381
383
384
393
399
400
401
402
406
409
417
423
425
427
431
433
434
440
443
445
447
448
457
460
465
471
481
482
487
489
495
498
504
506
508
509
513
514
516
520
521
524
525
534
542
544
548
550
551
552
554
561
564
566
569
571
574
576
578
582
585
587
589
590
592
604
605
607
608
611
614
619
621
624
626
627
632
637
638
647
651
652
659
665
667
674
683
685
687
688
690
691
693
694
698
703
704
705
706
708
709
710
712
713
714
719
728
729
730
733
734
744
745
747
748
749
755
763
764
765
767
770
777
781
782
783
785
786
788
790
792
793
796
797
805
809
810
812
814
815
816
820
825
826
828
833
834
835
841
842
843
845
848
851
852
853
859
869
871
876
877
878
879
880
881
883
884
889
891
893
894
897
898
900
903
905
911
915
916
922
923
926
927
928
931
932
933
937
940
941
944
945
948
949
952
953
956
963
966
967
968
971
974
975
978
979
980
981
982
984
989
992
995
1000
1001
1007
1008
1009
1010
1011
1012
1015
1024
1025
1026
1029
1030
1031
1032
1035
1037
1042
1046
1047
1050
1051
1054
1057
1058
1059
1064
1066
1068
1069
1073
1074
1082
1083
1084
1086
1090
1095
1096
1097
1102
1105
1106
1108
1110
1113
1114
1116
1117
1118
1119
1120
1122
1125
1129
1130
1131
1133
1137
1138
1142
1145
1146
1150
1153
1160
1164
1165
1166
1168
1175
1176
1177
1178
1181
1182
1186
1188
1193
1197
1198
1201
1202
1203
1204
1220
1222
1231
1234
1235
1238
1239
1240
1242
1243
1253
1256
1257
1261
1263
1268
1269
1270
1271
1275
1276
1277
1279
1280
1281
1282
1284
1292
1293
1294
1299
1301
1302
1303
1305
1306
1309
1310
1313
1314
1316
1317
1318
1320
1322
1323
1327
1329
1337
1340
1341
1342
1344
1347
1348
1349
1355
1357
1358
1361
1366
1370
1378
1379
1381
1383
1385
1387
1396
1397
1400
1401
1404
1407
1408
1418
1422
1426
1427
1428
1429
1430
1431
1432
1433
1434
1439
1441
1442
1443
1445
1449
1450
1456
1459
1461
1462
1467
1469
1474
1478
1479
1480
1484
1485
1486
1488
1489
1498
1504
1506
1508
1510
1511
1514
1516
1520
1521
1522
1526
1527
1532
1534
1537
1540
1544
1548
1549
1556
1559
1562
1568
1569
1570
1571
1573
1574
1575
1576
1577
1578
1583
1586
1588
1589
1594
1597
1598
1599
1605
1606
1608
1609
1610
1611
1613
1614
1619
1624
1625
1633
1643
1645
1647
1649
1654
1656
1657
1658
1661
1663
1667
1670
1673
1674
1678
1681
1688
1692
1694
1695
1696
1698
1699
1700
1701
1702
1703
1706
1710
1711
1715
1716
1721
1723
1725
1726
1727
1729
1731
1734
1735
1736
1738
1741
1743
1744
1747
1748
1749
1750
1751
1757
1758
1761
1763
1767
1769
1770
1772
1775
1778
1781
1782
1785
1788
1790
1799
1800
1802
1803
1804
1805
1806
1811
1814
1820
1821
1822
1823
1828
1830
1831
1835
1836
1837
1838
1841
1846
1847
1848
1849
1852
1854
1857
1858
1859
1860
1865
1867
1869
1871
1872
1877
1880
1882
1884
1886
1890
1891
1892
1898
1902
1904
1907
1909
1912
1917
1919
1920
1921
1922
1923
1927
1932
1933
1936
1940
1949
1951
1954
1956
1958
1959
1960
1965
1967
1968
1969
1975
1979
1980
1981
1983
1985
1986
1990
1992
1995
1996
1998
2004
2011
2013
2015
2018
2019
2021
2022
2026
2036
2037
2039
2041
2048
2052
2053
2055
2058
2066
2067
2072
2073
2078
2080
2082
2083
2085
2086
2089
2092
2093
2095
2100
2101
2102
2103
2104
2106
2112
2113
2114
2117
2121
2122
2130
2133
2134
2136
2139
2142
2143
2146
2147
2150
2153
2157
2158
2161
2166
2184
2187
2193
2194
2198
2199
2200
2202
2205
2206
2207
2208
2209
2211
2217
2218
2221
2223
2224
2225
2228
2233
2234
2243
2245
2248
2254
2255
2256
2260
2261
2262
2264
2268
2270
2272
2274
2278
2279
2281
2283
2285
2288
2292
2296
2298
2302
2305
2306
2308
2315
2318
2323
2324
2325
2326
2327
2329
2331
2333
2334
2336
2337
2346
2348
2349
2352
2358
2360
2361
2367
2371
2377
2378
2379
2382
2383
2385
2387
2390
2392
2393
2395
2399
2402
2404
2408
2409
2416
2420
2421
2424
2426
2429
2430
2432
2435
2441
2442
2443
2452
2454
2455
2464
2465
2466
2470
2472
2477
2479
2486
2491
2494
2497
2499
2506
2508
2509
2522
2525
2528
2532
2534
2537
2539
2540
2542
2543
2547
2550
2551
2552
2556
2563
2565
2567
2569
2571
2572
2573
2576
2580
2588
2592
2593
2594
2595
2598
2600
2601
2605
2606
2607
2610
2613
2614
2615
2617
2619
2620
2624
2625
2633
2634
2635
2637
2638
2640
2645
2651
2652
2654
2657
2662
2667
2676
2678
2680
2684
2685
2687
2688
2692
2693
2697
2698
2700
2703
2704
2705
2706
2707
2708
2712
2717
2718
2720
2724
2727
2728
2732
2733
2734
2738
2739
2742
2746
2749
2754
2757
2758
2759
2762
2769
2771
2777
2778
2779
2781
2785
2786
2788
2789
2792
2793
2797
2798
2802
2803
2806
2807
2810
2811
2813
2815
2816
2819
2821
2822
2823
2827
2829
2833
2834
2838
2840
2845
2847
2848
2850
2854
2859
2861
2862
2863
2864
2865
2866
2873
2876
2879
2887
2888
2890
2891
2893
2895
2897
2899
2903
2905
2908
2914
2915
2916
2922
2923
2925
2926
2928
2930
2931
2937
2939
2941
2945
2946
2947
2951
2955
2957
2959
2961
2964
2967
2968
2969
2976
2978
2980
2982
2983
2985
2988
2989
2990
2992
2995
2996
2999
3000
