4
6
7
11
15
21
31
54
81
84
92
102
116
128
132
149
160
173
191
206
221
234
235
241
246
275
282
289
296
310
315
322
387
388
391
400
405
415
426
433
448
460
464
466
471
473
485
499
501
513
533
538
549
554
562
564
574
576
584
586
588
598
599
602
606
636
637
657
673
674
688
690
694
696
698
700
706
716
723
724
731
748
750
757
762
796
799
806
809
816
821
824
852
859
867
868
869
871
874
876
890
902
903
905
911
915
927
953
954
969
971
978
982
984
990
1000
1002
1003
1015
1023
1024
1035
1038
1040
1042
1069
1101
1116
1133
1143
1149
1150
1162
1165
1168
1199
1202
1203
1236
1242
1253
1261
1269
1279
1303
1304
1326
1333
1346
1347
1355
1398
1404
1424
1428
1437
1443
1450
1456
1461
1464
1488
1489
1490
1493
1496
1499
1507
1510
1544
1550
1559
1594
1596
1597
1603
1619
1633
1644
1645
1696
1712
1720
1740
1748
1766
1772
1777
1778
1782
1796
1802
1810
1816
1821
1828
1851
1867
1871
1903
1919
1949
1955
1958
1960
1978
1979
1980
1981
1985
1989
1992
2026
2037
2080
2130
2137
2139
2147
2150
2167
2182
2208
2234
2247
2256
2259
2270
2283
2323
2324
2333
2334
2357
2358
2369
2379
2388
2389
2442
2451
2462
2466
2491
2493
2494
2506
2512
2517
2522
2535
2581
2600
2603
2604
2609
2610
2631
2633
2636
2637
2648
2650
2658
2674
2686
2687
2700
2705
2718
2720
2740
2742
2749
2750
2757
2764
2797
2799
2806
2820
2862
2882
2913
2934
2945
2955
2960
2988
2989
2990
3000
