4
11
34
47
56
60
64
72
130
137
148
161
165
175
180
184
196
201
211
212
235
321
336
356
369
388
401
402
423
427
445
462
469
476
477
510
528
533
562
566
567
571
608
626
647
655
664
673
679
729
747
749
765
771
773
774
782
797
801
810
814
815
841
845
851
853
871
875
876
881
890
891
911
917
928
933
943
944
954
967
979
989
1002
1024
1025
1037
1047
1051
1058
1064
1074
1079
1086
1096
1106
1110
1114
1116
1119
1130
1150
1153
1161
1163
1174
1182
1188
1213
1215
1229
1239
1253
1268
1282
1290
1305
1309
1323
1334
1341
1344
1358
1361
1362
1364
1400
1402
1408
1422
1428
1429
1431
1433
1441
1442
1445
1446
1475
1480
1498
1508
1511
1514
1516
1522
1527
1546
1550
1554
1562
1576
1588
1608
1609
1618
1633
1637
1642
1644
1657
1660
1663
1668
1670
1678
1696
1706
1730
1736
1740
1741
1744
1748
1751
1752
1757
1789
1790
1798
1802
1816
1830
1837
1838
1842
1867
1869
1873
1874
1877
1882
1906
1907
1912
1919
1927
1929
1947
1958
1960
1963
1974
1980
1991
1998
2013
2021
2044
2052
2055
2080
2082
2083
2089
2100
2109
2159
2187
2192
2211
2225
2228
2264
2272
2285
2288
2292
2294
2324
2326
2333
2350
2363
2378
2382
2390
2393
2416
2419
2426
2429
2441
2442
2454
2464
2468
2486
2494
2497
2526
2537
2550
2557
2560
2578
2609
2619
2624
2657
2662
2667
2692
2696
2717
2720
2727
2737
2751
2762
2785
2794
2797
2821
2822
2823
2829
2832
2833
2834
2850
2865
2880
2888
2893
2902
2904
2915
2935
2950
2960
2975
2988
2996
