15
23
31
33
39
54
56
57
58
77
79
94
96
113
115
118
120
124
135
136
141
146
155
157
164
178
180
212
213
223
226
229
233
253
254
258
277
281
287
298
303
307
315
317
321
336
338
342
347
350
353
356
367
375
387
391
407
426
434
446
466
468
478
482
486
490
506
520
521
534
538
542
551
553
554
569
574
580
591
593
594
598
602
608
612
614
618
619
624
627
630
636
637
655
666
673
674
683
692
694
695
696
700
703
708
710
712
725
729
730
733
748
759
762
763
773
776
788
796
804
808
815
816
818
834
839
841
842
853
861
865
866
868
871
874
875
876
880
881
883
899
902
918
919
932
936
958
963
967
968
969
970
971
975
977
978
982
990
992
995
999
1001
1010
1013
1021
1023
1025
1028
1029
1038
1042
1043
1045
1046
1057
1060
1064
1069
1083
1085
1095
1105
1106
1108
1118
1122
1138
1141
1143
1149
1150
1155
1157
1166
1167
1175
1182
1191
1195
1197
1199
1225
1250
1253
1255
1260
1268
1274
1279
1301
1303
1304
1310
1314
1333
1341
1344
1347
1355
1367
1375
1385
1403
1408
1414
1441
1445
1450
1456
1461
1463
1466
1474
1478
1479
1483
1486
1487
1493
1498
1512
1526
1529
1538
1543
1546
1550
1562
1571
1574
1577
1588
1596
1605
1608
1610
1614
1644
1657
1668
1670
1673
1678
1681
1682
1696
1699
1715
1720
1721
1723
1724
1725
1727
1744
1745
1747
1748
1752
1757
1761
1763
1782
1794
1796
1799
1800
1803
1806
1810
1825
1834
1835
1854
1877
1883
1898
1904
1908
1909
1922
1927
1935
1936
1949
1951
1955
1964
1978
1985
1989
1992
1995
1996
1998
2001
2005
2007
2015
2016
2019
2021
2029
2030
2035
2045
2052
2053
2082
2083
2086
2092
2093
2104
2106
2107
2113
2130
2136
2140
2150
2153
2161
2187
2208
2211
2218
2223
2224
2225
2228
2234
2240
2241
2243
2246
2247
2249
2254
2256
2274
2279
2281
2283
2291
2300
2305
2306
2307
2317
2324
2326
2329
2333
2343
2345
2348
2350
2357
2361
2375
2379
2382
2387
2388
2390
2394
2401
2416
2424
2449
2454
2455
2468
2470
2471
2475
2477
2491
2493
2500
2506
2507
2508
2512
2525
2528
2535
2543
2563
2567
2571
2581
2594
2595
2600
2604
2607
2613
2615
2619
2620
2624
2635
2645
2652
2661
2676
2687
2692
2696
2706
2718
2720
2728
2740
2758
2759
2762
2764
2769
2770
2772
2776
2777
2784
2787
2791
2796
2822
2824
2826
2827
2829
2832
2842
2845
2861
2880
2891
2895
2902
2913
2922
2933
2935
2937
2939
2945
2960
2980
2985
2993
