4
6
8
14
38
67
79
80
81
84
90
92
103
108
109
115
123
136
143
148
158
159
165
167
171
182
187
191
196
199
205
207
218
222
226
234
237
253
265
280
282
289
292
296
303
306
310
312
314
315
316
320
323
328
335
340
347
355
367
370
373
376
384
387
388
405
422
443
449
454
460
464
499
504
506
516
518
521
539
553
557
578
582
584
592
599
606
623
647
655
662
664
666
685
690
692
696
701
702
705
706
709
719
730
731
752
757
759
783
784
785
799
816
829
864
876
883
890
897
905
915
916
917
918
919
954
956
978
995
1002
1003
1009
1012
1017
1021
1023
1035
1040
1045
1065
1079
1082
1088
1129
1138
1144
1155
1157
1167
1182
1202
1204
1211
1213
1215
1229
1230
1232
1233
1236
1238
1242
1250
1261
1263
1279
1303
1304
1308
1314
1319
1326
1337
1367
1370
1372
1374
1375
1385
1388
1389
1390
1391
1396
1404
1414
1424
1428
1430
1437
1469
1484
1489
1496
1499
1541
1543
1544
1546
1562
1564
1577
1594
1595
1596
1597
1599
1601
1618
1619
1627
1630
1633
1637
1639
1644
1663
1665
1686
1696
1700
1709
1712
1720
1743
1744
1746
1748
1766
1771
1772
1778
1781
1782
1798
1803
1808
1816
1824
1847
1851
1866
1867
1873
1874
1881
1889
1898
1903
1908
1915
1922
1930
1936
1962
1963
1972
1989
2019
2021
2022
2036
2037
2050
2053
2071
2076
2089
2099
2106
2111
2112
2113
2114
2138
2147
2157
2178
2182
2185
2195
2221
2231
2235
2254
2256
2265
2293
2301
2312
2314
2315
2335
2360
2379
2388
2389
2413
2417
2431
2444
2447
2462
2470
2480
2482
2487
2490
2500
2502
2506
2507
2509
2511
2517
2527
2529
2533
2556
2561
2563
2564
2570
2573
2576
2578
2581
2599
2605
2631
2642
2654
2655
2668
2713
2716
2719
2728
2733
2737
2750
2775
2793
2799
2803
2806
2816
2832
2838
2839
2855
2865
2874
2878
2881
2883
2891
2893
2894
2895
2898
2905
2906
2910
2919
2921
2931
2942
2945
2958
2981
2985
2988
2992
2994
